210775710 4 59.844254 2291.54 12000
210956385 4 56.623827 2232.42 8000
211442297 5 20.272983 2324.16 17000
211418729 5 11.389682 2341.5 15000
201702477 1 40.7362 1978.55 6000
212504617 6 39.2619333 2407.63 32400
212570977 6 8.8531776 2417.45 25200
212797028 6 29.9820059 2397.47 18600
212443457 6 24.4755632 2400.66 10500
#202900527 2 13.008278 2072.76 13000
#205145448 2 16.63237 2069.27 43000
#203867512 2 28.465633 2085.55 31000
206155547 3 24.387407 2152.88 24000
206432863 3 11.989686 2150.83 7000
